0 0.000001403967190
1 0.000000000000000
2 0.000000000000000
3 0.000000000000000
4 0.000000000000000
5 0.000000000000000
6 0.000000000000000
7 0.000000000000000
8 0.000000000000000
9 0.000000000000000
10 0.000000000000000
11 0.000000000000000
12 0.000000000000000
13 0.000000000000000
14 0.000000000000000
15 0.000000000000000
16 0.000000000000000
17 0.000000000000000
18 0.000000000000000
19 0.000000000000000
20 0.000000000000000
21 0.000000000000000
22 0.000000000000000
23 0.000000000000000
24 0.000000000000000
25 0.000000000000000
26 0.000000000000000
27 0.000000000000000
28 0.000000000000000
29 0.000000000000000
30 0.000000000000000
31 0.000000000000000
32 0.000000000000000
33 0.000000000000000
34 0.000000000000000
35 0.000000000000000
36 0.000000000000000
37 0.000000000000000
38 0.000000000000000
39 0.000000000000000
40 0.000000000000000
41 0.000000000000000
42 0.000000000000000
43 0.000000000000000
44 0.000000000000000
45 0.000000000000000
46 0.000000467989082
47 0.000000000000000
48 0.000000467989082
49 0.000000467989082
50 0.000000000000000
51 0.000000000000000
52 0.000000000000000
53 0.000000467989082
54 0.000000000000000
55 0.000000000000000
56 0.000000000000000
57 0.000000467989082
58 0.000000000000000
59 0.000000000000000
60 0.000000000000000
61 0.000000000000000
62 0.000000000000000
63 0.000000000000000
64 0.000000000000000
65 0.000000000000000
66 0.000000000000000
67 0.000000000000000
68 0.000000000000000
69 0.000000000000000
70 0.000000467989082
71 0.000000467989082
72 0.000001403967190
73 0.000003275923518
74 0.000004679890935
75 0.000007019836175
76 0.000009827770555
77 0.000004211901796
78 0.000011699727111
79 0.000015911627997
80 0.000014975650629
81 0.000010763748833
82 0.000016379617591
83 0.000019655541109
84 0.000017783584553
85 0.000023399454221
86 0.000031355270039
87 0.000025739398552
88 0.000035567169107
89 0.000049138852773
90 0.000055222710216
91 0.000060370592109
92 0.000081430102000
93 0.000093129827292
94 0.000113721347589
95 0.000122145153000
96 0.000140396718052
97 0.000172219981323
98 0.000207787146792
99 0.000253182079177
100 0.000328996335156
101 0.000320104532875
102 0.000385154999094
103 0.000438505754573
104 0.000522743794136
105 0.000645356951281
106 0.000743634649552
107 0.000928958295844
108 0.001017408212647
109 0.001219111494720
110 0.001578059163876
111 0.001871488289908
112 0.002326373709366
113 0.002960498910397
114 0.003706473391503
115 0.004820287693292
116 0.006367459427565
117 0.008299786597490
118 0.010992595925927
119 0.014958802610636
120 0.020054735243320
121 0.026650106534362
122 0.034491732716560
123 0.043639045208693
124 0.052958581596613
125 0.061465218663216
126 0.070949949324131
127 0.074748620390892
128 0.075013034045696
129 0.070955097675323
130 0.060579780489206
131 0.051588777452707
132 0.042322590947151
133 0.033631097525358
134 0.025914894416928
135 0.019679876044393
136 0.015038360841572
137 0.011432036757469
138 0.008652182295918
139 0.006593965925276
140 0.005259729456156
141 0.004067292902619
142 0.003150502452627
143 0.002566452138126
144 0.001985209761187
145 0.001634217915125
146 0.001363252173178
147 0.001131597557105
148 0.000899007020053
149 0.000772181956563
150 0.000631317263469
151 0.000495600455906
152 0.000421658158302
153 0.000372519309167
154 0.000309808761813
155 0.000266285787802
156 0.000245694274781
157 0.000207319157198
158 0.000169880033354
159 0.000136652815854
160 0.000116997267469
161 0.000102489611891
162 0.000085642001068
163 0.000077218195656
164 0.000069262387115
165 0.000055222710216
166 0.000042119016143
167 0.000042119016143
168 0.000033695214370
169 0.000029951301258
170 0.000026675377740
171 0.000014039672351
172 0.000017315596779
173 0.000012635705389
174 0.000007019836175
175 0.000009827770555
176 0.000012635705389
177 0.000005615868758
178 0.000004679890935
179 0.000002339945468
180 0.000004679890935
181 0.000003275923518
182 0.000002339945468
183 0.000001403967190
184 0.000001403967190
185 0.000000935978164
186 0.000000000000000
187 0.000000000000000
188 0.000000000000000
189 0.000000000000000
190 0.000000000000000
191 0.000000000000000
192 0.000000000000000
193 0.000000000000000
194 0.000000000000000
195 0.000000000000000
196 0.000000000000000
197 0.000000000000000
198 0.000000000000000
199 0.000000000000000
200 0.000000000000000
201 0.000000000000000
202 0.000000000000000
203 0.000000000000000
204 0.000000000000000
205 0.000000000000000
206 0.000000000000000
207 0.000000000000000
208 0.000000000000000
209 0.000000000000000
210 0.000000000000000
211 0.000000000000000
212 0.000000000000000
213 0.000000000000000
214 0.000000000000000
215 0.000000000000000
216 0.000000000000000
217 0.000000000000000
218 0.000000000000000
219 0.000000000000000
220 0.000000000000000
221 0.000000000000000
222 0.000000000000000
223 0.000000000000000
224 0.000000000000000
225 0.000000000000000
226 0.000000000000000
227 0.000000000000000
228 0.000000000000000
229 0.000000000000000
230 0.000000000000000
231 0.000000000000000
232 0.000000000000000
233 0.000000000000000
234 0.000000000000000
235 0.000000000000000
236 0.000000000000000
237 0.000000000000000
238 0.000000000000000
239 0.000000000000000
240 0.000000000000000
241 0.000000000000000
242 0.000000000000000
243 0.000000000000000
244 0.000000000000000
245 0.000000000000000
246 0.000000000000000
247 0.000000000000000
248 0.000000000000000
249 0.000000000000000
250 0.000000000000000
251 0.000000000000000
252 0.000000000000000
253 0.000000000000000
254 0.000000000000000
255 0.000000000000000
