0 0.000000467989082
1 0.000000000000000
2 0.000000000000000
3 0.000000000000000
4 0.000000000000000
5 0.000000000000000
6 0.000000000000000
7 0.000000000000000
8 0.000000000000000
9 0.000000000000000
10 0.000000000000000
11 0.000000000000000
12 0.000000000000000
13 0.000000000000000
14 0.000000467989082
15 0.000000000000000
16 0.000000000000000
17 0.000000000000000
18 0.000000000000000
19 0.000000000000000
20 0.000000000000000
21 0.000000000000000
22 0.000000000000000
23 0.000000000000000
24 0.000000000000000
25 0.000000000000000
26 0.000000000000000
27 0.000000000000000
28 0.000000000000000
29 0.000000000000000
30 0.000000000000000
31 0.000000000000000
32 0.000000000000000
33 0.000000000000000
34 0.000000000000000
35 0.000000000000000
36 0.000000000000000
37 0.000000000000000
38 0.000000000000000
39 0.000000000000000
40 0.000000000000000
41 0.000000000000000
42 0.000000000000000
43 0.000000000000000
44 0.000000000000000
45 0.000000000000000
46 0.000000467989082
47 0.000000000000000
48 0.000000935978164
49 0.000000467989082
50 0.000000000000000
51 0.000000000000000
52 0.000000000000000
53 0.000000467989082
54 0.000000000000000
55 0.000000000000000
56 0.000000000000000
57 0.000000000000000
58 0.000000000000000
59 0.000000000000000
60 0.000000000000000
61 0.000000000000000
62 0.000000000000000
63 0.000000000000000
64 0.000000000000000
65 0.000000467989082
66 0.000000000000000
67 0.000000000000000
68 0.000000000000000
69 0.000000000000000
70 0.000000935978164
71 0.000000000000000
72 0.000000000000000
73 0.000000935978164
74 0.000000000000000
75 0.000000000000000
76 0.000000467989082
77 0.000000000000000
78 0.000000000000000
79 0.000000000000000
80 0.000000000000000
81 0.000000000000000
82 0.000000000000000
83 0.000000000000000
84 0.000000000000000
85 0.000000000000000
86 0.000000000000000
87 0.000000000000000
88 0.000000000000000
89 0.000000000000000
90 0.000000000000000
91 0.000000000000000
92 0.000000000000000
93 0.000000935978164
94 0.000000935978164
95 0.000000467989082
96 0.000002339945468
97 0.000004679890935
98 0.000009359781870
99 0.000013103694073
100 0.000018719563741
101 0.000051946786698
102 0.000059902602516
103 0.000100149663922
104 0.000137120805448
105 0.000216210959479
106 0.000323380460031
107 0.000475008913781
108 0.000614001648501
109 0.000887307280209
110 0.001137681421824
111 0.001491481205449
112 0.002050728071481
113 0.002954415045679
114 0.003894605208188
115 0.005575621966273
116 0.007836476899683
117 0.010560641996562
118 0.014298002235591
119 0.019056515768170
120 0.024542283266783
121 0.031586453318596
122 0.039833359420300
123 0.048557143658400
124 0.057387627661228
125 0.066637903451920
126 0.076493747532368
127 0.080906890332699
128 0.080668680369854
129 0.077284649014473
130 0.068223446607590
131 0.059164114296436
132 0.049463637173176
133 0.039814639836550
134 0.032068483531475
135 0.025072047486901
136 0.018939517438412
137 0.014181940816343
138 0.010511971078813
139 0.007773298770189
140 0.005661264061928
141 0.004080396611243
142 0.002827122109011
143 0.001935134874657
144 0.001379631808959
145 0.001010856358334
146 0.000717895221896
147 0.000472200976219
148 0.000330868264427
149 0.000236334482906
150 0.000151160478708
151 0.000102021622297
152 0.000077218195656
153 0.000049606842367
154 0.000034163203964
155 0.000015443640223
156 0.000007955813999
157 0.000008423803592
158 0.000003275923518
159 0.000003275923518
160 0.000000467989082
161 0.000000935978164
162 0.000000935978164
163 0.000000935978164
164 0.000001403967190
165 0.000001403967190
166 0.000000000000000
167 0.000000000000000
168 0.000000000000000
169 0.000000000000000
170 0.000000000000000
171 0.000000000000000
172 0.000000000000000
173 0.000000000000000
174 0.000000000000000
175 0.000000000000000
176 0.000000000000000
177 0.000000000000000
178 0.000000000000000
179 0.000000000000000
180 0.000000000000000
181 0.000000000000000
182 0.000000000000000
183 0.000000000000000
184 0.000000000000000
185 0.000000000000000
186 0.000000000000000
187 0.000000000000000
188 0.000000000000000
189 0.000000000000000
190 0.000000000000000
191 0.000000000000000
192 0.000000000000000
193 0.000000000000000
194 0.000000000000000
195 0.000000000000000
196 0.000000000000000
197 0.000000000000000
198 0.000000000000000
199 0.000000000000000
200 0.000000000000000
201 0.000000000000000
202 0.000000000000000
203 0.000000000000000
204 0.000000000000000
205 0.000000000000000
206 0.000000000000000
207 0.000000000000000
208 0.000000000000000
209 0.000000000000000
210 0.000000000000000
211 0.000000000000000
212 0.000000000000000
213 0.000000000000000
214 0.000000000000000
215 0.000000000000000
216 0.000000000000000
217 0.000000000000000
218 0.000000000000000
219 0.000000000000000
220 0.000000000000000
221 0.000000000000000
222 0.000000000000000
223 0.000000000000000
224 0.000000000000000
225 0.000000000000000
226 0.000000000000000
227 0.000000000000000
228 0.000000000000000
229 0.000000000000000
230 0.000000000000000
231 0.000000000000000
232 0.000000000000000
233 0.000000000000000
234 0.000000000000000
235 0.000000000000000
236 0.000000000000000
237 0.000000000000000
238 0.000000000000000
239 0.000000000000000
240 0.000000000000000
241 0.000000000000000
242 0.000000000000000
243 0.000000000000000
244 0.000000000000000
245 0.000000000000000
246 0.000000000000000
247 0.000000000000000
248 0.000000000000000
249 0.000000000000000
250 0.000000000000000
251 0.000000000000000
252 0.000000000000000
253 0.000000000000000
254 0.000000000000000
255 0.000000000000000
