6.930627441406250e+01
6.932558441162109e+01
6.934593963623047e+01
6.945906066894531e+01
6.957524108886719e+01
6.966947937011719e+01
6.985520935058594e+01
7.019393157958984e+01
7.033913421630859e+01
7.070975494384766e+01
7.084954833984375e+01
7.137191772460938e+01
7.174251556396484e+01
7.224028778076172e+01
7.267055511474609e+01
7.316747283935547e+01
7.389237213134766e+01
7.453718566894531e+01
7.525003051757812e+01
7.599117279052734e+01
7.689383697509766e+01
7.767028045654297e+01
7.821487426757812e+01
7.851285552978516e+01
8.593107604980469e+01
1.126728591918945e+02
1.237086181640625e+02
1.199453353881836e+02
1.016527023315430e+02
1.000113906860352e+02
1.018001327514648e+02
1.069121322631836e+02
1.043170471191406e+02
1.112748260498047e+02
1.081170654296875e+02
1.053879241943359e+02
9.606222534179688e+01
8.987728118896484e+01
7.327066040039062e+01
9.787025451660156e+01
9.797749328613281e+01
8.076950836181641e+01
8.552444458007812e+01
8.650760650634766e+01
8.179711914062500e+01
1.037868881225586e+02
1.125531311035156e+02
1.079679565429688e+02
9.933989715576172e+01
7.983654785156250e+01
8.731975555419922e+01
8.055384826660156e+01
9.655178070068359e+01
9.714121246337891e+01
9.623822784423828e+01
1.028364639282227e+02
9.495436096191406e+01
8.438549804687500e+01
8.512164306640625e+01
9.770732879638672e+01
9.916053009033203e+01
8.878099822998047e+01
8.905890655517578e+01
9.410308837890625e+01
8.707648468017578e+01
8.044845581054688e+01
9.260173034667969e+01
9.180108642578125e+01
7.335614013671875e+01
6.259442138671875e+01
7.507396697998047e+01
8.583499908447266e+01
6.798431396484375e+01
8.905866241455078e+01
8.697801971435547e+01
6.824009704589844e+01
7.781988525390625e+01
7.152536010742188e+01
6.927976226806641e+01
7.326557159423828e+01
9.299319458007812e+01
8.856915283203125e+01
5.221993255615234e+01
6.996665191650391e+01
7.379984283447266e+01
7.620262908935547e+01
7.758394622802734e+01
8.147607421875000e+01
7.293421173095703e+01
7.041882324218750e+01
6.444114685058594e+01
7.370179748535156e+01
7.354597473144531e+01
7.514525604248047e+01
7.752319335937500e+01
7.164936065673828e+01
7.060872650146484e+01
6.062784194946289e+01
6.261721420288086e+01
7.007300567626953e+01
6.038568496704102e+01
5.965267181396484e+01
6.070034408569336e+01
6.068307876586914e+01
6.049094390869141e+01
6.048813247680664e+01
6.027155685424805e+01
6.011752319335938e+01
6.004954147338867e+01
5.982734680175781e+01
5.985488510131836e+01
5.963873672485352e+01
5.960047149658203e+01
5.940406036376953e+01
5.934171676635742e+01
5.923839569091797e+01
5.906223678588867e+01
5.911368560791016e+01
5.884601211547852e+01
5.892447662353516e+01
5.873036956787109e+01
5.849702453613281e+01
5.866836166381836e+01
5.849074554443359e+01
5.825622558593750e+01
5.829814147949219e+01
5.826614761352539e+01
5.806276702880859e+01
5.806507110595703e+01
5.788296127319336e+01
5.788205718994141e+01
5.774067687988281e+01
5.768910598754883e+01
5.761980819702148e+01
5.751017379760742e+01
5.744876861572266e+01
5.735031890869141e+01
5.740617752075195e+01
5.711753845214844e+01
5.719679641723633e+01
5.708765411376953e+01
5.698319244384766e+01
5.690794372558594e+01
5.687035751342773e+01
5.687528991699219e+01
5.666275405883789e+01
5.669128417968750e+01
5.654188537597656e+01
5.657975769042969e+01
5.640832519531250e+01
5.640862655639648e+01
5.634974670410156e+01
5.613155364990234e+01
5.627515792846680e+01
5.617604827880859e+01
5.593861770629883e+01
5.605158996582031e+01
5.599742507934570e+01
5.583528518676758e+01
5.583718490600586e+01
5.573134231567383e+01
5.572672271728516e+01
5.558149719238281e+01
5.559910202026367e+01
5.555039978027344e+01
5.536682510375977e+01
5.557899475097656e+01
5.521709060668945e+01
5.536099624633789e+01
5.522034835815430e+01
5.516285324096680e+01
5.521623992919922e+01
5.502772521972656e+01
5.507194137573242e+01
5.495815658569336e+01
5.489823532104492e+01
5.476219940185547e+01
5.493447494506836e+01
5.466657257080078e+01
5.477415847778320e+01
5.464926528930664e+01
5.462277221679688e+01
5.450172805786133e+01
5.459724426269531e+01
5.443222045898438e+01
5.434910202026367e+01
5.437315750122070e+01
5.438410186767578e+01
5.425410461425781e+01
5.422253417968750e+01
5.411555099487305e+01
5.413945007324219e+01
5.409581756591797e+01
5.403711318969727e+01
5.397872543334961e+01
5.392925262451172e+01
5.385030746459961e+01
5.404001998901367e+01
5.370549392700195e+01
5.377563858032227e+01
5.366419982910156e+01
5.372722625732422e+01
5.357348251342773e+01
5.356861877441406e+01
5.359505462646484e+01
5.350889205932617e+01
5.351274108886719e+01
5.336276626586914e+01
5.342638397216797e+01
5.325237274169922e+01
5.337453460693359e+01
5.329577255249023e+01
5.320162963867188e+01
5.313053512573242e+01
5.325846862792969e+01
5.302719497680664e+01
5.309127807617188e+01
5.293333816528320e+01
5.309330749511719e+01
5.286508941650391e+01
5.292817306518555e+01
5.290815353393555e+01
5.273973846435547e+01
5.285279083251953e+01
5.272855377197266e+01
5.270327377319336e+01
5.264280319213867e+01
5.271880340576172e+01
5.258850097656250e+01
5.259735870361328e+01
5.253623580932617e+01
5.255273818969727e+01
5.245175170898438e+01
5.237394714355469e+01
5.255256652832031e+01
5.222108078002930e+01
5.222013473510742e+01
5.256202316284180e+01
5.215139389038086e+01
5.209684371948242e+01
5.233270263671875e+01
5.211476516723633e+01
5.206682205200195e+01
5.210238647460938e+01
5.211720657348633e+01
5.194142532348633e+01
5.208895492553711e+01
5.204848098754883e+01
5.180699157714844e+01
5.194064331054688e+01
5.190590667724609e+01
5.177985763549805e+01
5.183858489990234e+01
5.190395355224609e+01
5.158611679077148e+01
5.182237625122070e+01
5.158530807495117e+01
5.154214859008789e+01
5.176583480834961e+01
5.152580261230469e+01
5.160696411132812e+01
5.161091613769531e+01
5.144556808471680e+01
5.142269515991211e+01
5.152697372436523e+01
5.139337158203125e+01
5.137378692626953e+01
5.131254196166992e+01
5.141349029541016e+01
5.115071105957031e+01
5.143212127685547e+01
5.121560287475586e+01
5.126074218750000e+01
5.117444229125977e+01
5.101061630249023e+01
5.133511352539062e+01
5.086428451538086e+01
5.109833526611328e+01
5.114910507202148e+01
5.092563629150391e+01
5.108959197998047e+01
5.094819641113281e+01
5.098892974853516e+01
5.082936096191406e+01
5.098951721191406e+01
5.086465454101562e+01
5.075898742675781e+01
5.082553863525391e+01
5.084314346313477e+01
5.061055374145508e+01
5.090850067138672e+01
5.059538650512695e+01
5.052086639404297e+01
5.096688842773438e+01
5.046188735961914e+01
5.069809722900391e+01
5.063037872314453e+01
5.040737152099609e+01
5.059735107421875e+01
5.055973815917969e+01
5.052875900268555e+01
5.041011428833008e+01
5.049282455444336e+01
5.036386489868164e+01
5.045706176757812e+01
5.030124664306641e+01
5.031998062133789e+01
5.036384963989258e+01
5.030911636352539e+01
5.024266815185547e+01
5.032048034667969e+01
5.005566024780273e+01
5.036613082885742e+01
5.022134780883789e+01
5.006874084472656e+01
5.020502090454102e+01
5.019745635986328e+01
5.019913482666016e+01
4.987750625610352e+01
5.009902191162109e+01
5.012317276000977e+01
4.994826889038086e+01
5.002105712890625e+01
4.994579315185547e+01
4.995132064819336e+01
5.004682159423828e+01
4.990494537353516e+01
4.969593048095703e+01
4.986642074584961e+01
4.996423339843750e+01
4.980878448486328e+01
4.967901611328125e+01
4.990005111694336e+01
4.951962280273438e+01
4.994086837768555e+01
4.969377517700195e+01
4.976818466186523e+01
4.955864715576172e+01
4.979680633544922e+01
4.944982910156250e+01
4.989244842529297e+01
4.958435440063477e+01
4.930858230590820e+01
4.985058975219727e+01
4.955226135253906e+01
4.942934799194336e+01
4.963887023925781e+01
4.935739898681641e+01
4.954212951660156e+01
4.947817993164062e+01
4.934473419189453e+01
4.944247055053711e+01
4.954232788085938e+01
4.930759048461914e+01
4.936825942993164e+01
4.939746093750000e+01
4.906459426879883e+01
4.969251251220703e+01
4.909141159057617e+01
4.942510223388672e+01
4.923287200927734e+01
4.931522369384766e+01
4.903462600708008e+01
4.947202682495117e+01
4.918782043457031e+01
4.899182510375977e+01
4.919870376586914e+01
4.918976974487305e+01
4.905082702636719e+01
4.927761077880859e+01
4.900633621215820e+01
4.918795776367188e+01
4.897965240478516e+01
4.896865081787109e+01
4.914068603515625e+01
4.896432876586914e+01
4.897871780395508e+01
4.906632995605469e+01
4.891637420654297e+01
4.901185989379883e+01
4.890989303588867e+01
4.885641860961914e+01
4.904688644409180e+01
4.898331832885742e+01
4.874691390991211e+01
4.872536468505859e+01
4.916643524169922e+01
4.864540863037109e+01
4.883781814575195e+01
4.878881835937500e+01
4.881552886962891e+01
4.885332107543945e+01
4.882487869262695e+01
4.870588302612305e+01
4.865098953247070e+01
4.868943786621094e+01
4.886008071899414e+01
4.875910186767578e+01
4.855812072753906e+01
4.859650421142578e+01
4.877339935302734e+01
4.861721038818359e+01
4.877898406982422e+01
4.852938842773438e+01
4.853255844116211e+01
4.854041671752930e+01
4.856599807739258e+01
4.881473159790039e+01
4.815295791625977e+01
4.869223022460938e+01
4.833353424072266e+01
4.852335357666016e+01
4.863616943359375e+01
4.834362792968750e+01
4.858349609375000e+01
4.854642105102539e+01
4.837798690795898e+01
4.834773635864258e+01
4.857009506225586e+01
4.836087799072266e+01
4.856676864624023e+01
4.823760604858398e+01
4.842167663574219e+01
4.830360794067383e+01
4.853896331787109e+01
4.799103164672852e+01
4.868087005615234e+01
4.815253448486328e+01
4.853833770751953e+01
4.820053863525391e+01
4.833678436279297e+01
4.805344772338867e+01
4.832318115234375e+01
4.814786911010742e+01
4.852220535278320e+01
4.814151000976562e+01
4.815345001220703e+01
4.826662063598633e+01
4.805879211425781e+01
4.839725112915039e+01
4.799000549316406e+01
4.825793838500977e+01
4.812245559692383e+01
4.815966796875000e+01
4.820294952392578e+01
4.797217941284180e+01
4.809544372558594e+01
4.826110839843750e+01
4.790210723876953e+01
4.808670806884766e+01
4.811224746704102e+01
4.795151138305664e+01
4.805695724487305e+01
4.819537734985352e+01
4.784645843505859e+01
4.845122528076172e+01
4.765330886840820e+01
4.785524368286133e+01
4.818638229370117e+01
4.804576492309570e+01
4.799465942382812e+01
4.783848571777344e+01
4.807825851440430e+01
4.803779983520508e+01
4.769294357299805e+01
4.805670928955078e+01
4.780635833740234e+01
4.813076019287109e+01
4.787804794311523e+01
4.783854293823242e+01
4.792484283447266e+01
4.790411758422852e+01
4.774583053588867e+01
4.796905517578125e+01
4.796804046630859e+01
4.783680343627930e+01
4.766111755371094e+01
4.787105941772461e+01
4.801365661621094e+01
4.772861862182617e+01
4.768210983276367e+01
4.795926666259766e+01
4.769514846801758e+01
4.793842315673828e+01
4.768769073486328e+01
4.775295257568359e+01
4.778831100463867e+01
4.790637969970703e+01
4.770577621459961e+01
4.795228958129883e+01
4.746443176269531e+01
4.777513122558594e+01
4.794847106933594e+01
4.752474975585938e+01
4.774415206909180e+01
4.771871566772461e+01
4.786378097534180e+01
4.751022720336914e+01
4.794419097900391e+01
4.747649765014648e+01
4.781793212890625e+01
4.766485214233398e+01
4.758271789550781e+01
4.778385162353516e+01
4.761249160766602e+01
4.761895370483398e+01
4.758932113647461e+01
4.771679306030273e+01
4.743690109252930e+01
4.782398605346680e+01
4.762897872924805e+01
4.771596145629883e+01
4.749102783203125e+01
4.763467407226562e+01
4.766997146606445e+01
4.740984725952148e+01
4.765042495727539e+01
4.767282485961914e+01
4.758265304565430e+01
4.720254898071289e+01
4.798878097534180e+01
4.749693298339844e+01
4.767230987548828e+01
4.747301864624023e+01
4.749055480957031e+01
4.763672637939453e+01
4.743274688720703e+01
4.773061752319336e+01
4.718386840820312e+01
4.772556304931641e+01
4.761330032348633e+01
4.731298828125000e+01
4.773833847045898e+01
4.734471893310547e+01
4.767111968994141e+01
4.740287399291992e+01
4.757364654541016e+01
4.752339935302734e+01
4.712008666992188e+01
4.773793792724609e+01
4.756034851074219e+01
4.725543594360352e+01
4.753171157836914e+01
4.743806076049805e+01
4.751978302001953e+01
4.738931655883789e+01
4.734942626953125e+01
4.772016525268555e+01
4.725849533081055e+01
4.742781066894531e+01
4.744069290161133e+01
4.733296966552734e+01
4.759577178955078e+01
4.739478683471680e+01
4.734416961669922e+01
4.738207626342773e+01
4.762812423706055e+01
4.719487762451172e+01
4.754046249389648e+01
4.729238510131836e+01
4.738588333129883e+01
4.734205627441406e+01
4.770019149780273e+01
4.749035644531250e+01
4.730229949951172e+01
4.713650131225586e+01
4.756523513793945e+01
4.735625457763672e+01
4.755756759643555e+01
4.739319992065430e+01
4.742236328125000e+01
4.734919738769531e+01
4.722061920166016e+01
4.748713684082031e+01
4.740359878540039e+01
4.739141082763672e+01
4.757469940185547e+01
4.721715164184570e+01
4.750494766235352e+01
4.734554290771484e+01
4.749351501464844e+01
4.722793960571289e+01
4.735594940185547e+01
4.752156829833984e+01
4.721690750122070e+01
4.773261642456055e+01
4.712890625000000e+01
4.742883300781250e+01
4.732483291625977e+01
4.737147521972656e+01
4.731665802001953e+01
4.739677810668945e+01
4.735455703735352e+01
4.733379745483398e+01
4.755548477172852e+01
4.729964065551758e+01
4.725322341918945e+01
4.753544616699219e+01
4.747562408447266e+01
4.704072952270508e+01
