9.866208648681641e+01
8.955342864990234e+01
1.037343292236328e+02
1.054829559326172e+02
9.896856689453125e+01
9.784880828857422e+01
1.054932098388672e+02
9.923863983154297e+01
1.040338973999023e+02
9.747540283203125e+01
9.036949920654297e+01
8.213234710693359e+01
9.131068420410156e+01
1.001595916748047e+02
8.035937500000000e+01
1.019189300537109e+02
1.017183074951172e+02
8.438137817382812e+01
9.572152709960938e+01
8.039782714843750e+01
8.643251037597656e+01
8.959616851806641e+01
7.962113189697266e+01
1.023530731201172e+02
9.943302917480469e+01
8.493511199951172e+01
7.954029846191406e+01
6.754023742675781e+01
6.368096542358398e+01
6.316777038574219e+01
6.224609756469727e+01
6.167094039916992e+01
6.170780563354492e+01
6.083789825439453e+01
6.067122268676758e+01
6.010497665405273e+01
5.993642807006836e+01
5.965571975708008e+01
5.932749938964844e+01
5.891618347167969e+01
5.886911773681641e+01
5.841407012939453e+01
5.836294174194336e+01
5.797356033325195e+01
5.772720718383789e+01
5.738207244873047e+01
5.798287200927734e+01
5.676332092285156e+01
5.696416473388672e+01
5.673006820678711e+01
5.648795318603516e+01
5.642591094970703e+01
5.611912918090820e+01
5.603137207031250e+01
5.588900375366211e+01
5.541804504394531e+01
5.554408645629883e+01
5.523786544799805e+01
5.517115020751953e+01
5.496416854858398e+01
5.482493972778320e+01
5.457880783081055e+01
5.463876342773438e+01
5.417255401611328e+01
5.437044143676758e+01
5.406929397583008e+01
5.384595108032227e+01
5.372928619384766e+01
5.369331359863281e+01
5.348561859130859e+01
5.342055511474609e+01
5.309197616577148e+01
5.316782379150391e+01
5.286119461059570e+01
5.273118972778320e+01
5.279542541503906e+01
5.245602416992188e+01
5.257900619506836e+01
5.222866821289062e+01
5.210909652709961e+01
5.218091583251953e+01
5.196252822875977e+01
5.177742767333984e+01
5.169358825683594e+01
5.155084609985352e+01
5.155280303955078e+01
5.116166305541992e+01
5.120732498168945e+01
5.103051376342773e+01
5.103084945678711e+01
5.068454742431641e+01
5.086973953247070e+01
5.031575775146484e+01
5.043566513061523e+01
5.029402160644531e+01
5.029442977905273e+01
4.967274475097656e+01
5.005261611938477e+01
4.933481979370117e+01
5.161885833740234e+01
5.701109313964844e+01
7.544724273681641e+01
7.577956390380859e+01
6.442979431152344e+01
6.930000305175781e+01
7.449629211425781e+01
5.340908432006836e+01
7.491851806640625e+01
6.507105255126953e+01
7.639376831054688e+01
6.711667633056641e+01
5.864576721191406e+01
5.427263641357422e+01
7.112584686279297e+01
6.997076416015625e+01
5.479779434204102e+01
5.545075988769531e+01
5.668159103393555e+01
5.165208435058594e+01
4.607837677001953e+01
5.242777252197266e+01
5.065458297729492e+01
5.036347579956055e+01
4.703954696655273e+01
4.887727355957031e+01
5.450222396850586e+01
4.799365615844727e+01
5.088162994384766e+01
5.102460479736328e+01
5.055210113525391e+01
4.433517837524414e+01
6.564202880859375e+01
6.011475372314453e+01
5.442604446411133e+01
5.042140197753906e+01
4.914114761352539e+01
4.044595718383789e+01
5.096493530273438e+01
5.183525466918945e+01
5.780751037597656e+01
5.402612686157227e+01
4.670417022705078e+01
4.777976226806641e+01
4.816874694824219e+01
5.225242614746094e+01
4.641781616210938e+01
4.521034622192383e+01
4.645986175537109e+01
5.036349487304688e+01
4.671118545532227e+01
4.692787170410156e+01
4.290137863159180e+01
4.849512100219727e+01
4.637071609497070e+01
4.856967544555664e+01
4.907940673828125e+01
4.776374816894531e+01
4.693592834472656e+01
4.348912429809570e+01
5.334019470214844e+01
4.604970932006836e+01
4.425242614746094e+01
5.137672042846680e+01
5.024696731567383e+01
4.668930816650391e+01
4.568708419799805e+01
4.814341354370117e+01
4.744190597534180e+01
4.459509277343750e+01
4.849665451049805e+01
4.151333999633789e+01
4.982206726074219e+01
4.579665756225586e+01
4.254092407226562e+01
5.109083175659180e+01
4.037871170043945e+01
4.845534896850586e+01
4.484642791748047e+01
4.804799270629883e+01
4.513824462890625e+01
4.552455520629883e+01
4.915985870361328e+01
4.305445861816406e+01
4.658178329467773e+01
4.472890853881836e+01
4.552188873291016e+01
4.858345794677734e+01
4.061642074584961e+01
5.548248672485352e+01
5.066295242309570e+01
5.139260864257812e+01
4.516961288452148e+01
4.268231964111328e+01
4.594766998291016e+01
4.459949493408203e+01
4.950352478027344e+01
4.389647293090820e+01
4.607479858398438e+01
4.828445434570312e+01
4.367239761352539e+01
4.548220062255859e+01
4.377490234375000e+01
4.614379501342773e+01
4.484170532226562e+01
4.007642745971680e+01
4.948125839233398e+01
4.374737167358398e+01
4.261832809448242e+01
4.658748626708984e+01
4.223125457763672e+01
4.737642288208008e+01
4.405962753295898e+01
4.520005798339844e+01
4.055033111572266e+01
4.732912063598633e+01
4.195575714111328e+01
4.649740219116211e+01
4.637179946899414e+01
4.612315750122070e+01
4.407408523559570e+01
4.223761749267578e+01
4.792317199707031e+01
4.361042022705078e+01
4.465184783935547e+01
4.318262863159180e+01
4.708364486694336e+01
4.125533294677734e+01
4.342479324340820e+01
4.808411407470703e+01
3.176516914367676e+01
4.902725219726562e+01
3.857409667968750e+01
4.912533187866211e+01
3.342832183837891e+01
4.641514968872070e+01
4.071428298950195e+01
4.601445007324219e+01
4.281644439697266e+01
4.468531417846680e+01
4.459778594970703e+01
4.490285873413086e+01
4.335417938232422e+01
4.732610321044922e+01
4.420628356933594e+01
4.658496475219727e+01
4.157022476196289e+01
4.170641326904297e+01
4.362437820434570e+01
3.997951889038086e+01
4.868078994750977e+01
3.760143661499023e+01
4.354388809204102e+01
4.455799484252930e+01
4.242446899414062e+01
4.222579193115234e+01
4.501549911499023e+01
4.053767776489258e+01
4.565713119506836e+01
4.092544555664062e+01
3.766000747680664e+01
4.640250396728516e+01
4.136024856567383e+01
4.420509338378906e+01
4.374441146850586e+01
4.106137847900391e+01
4.634442138671875e+01
3.145895385742188e+01
4.667070388793945e+01
3.798564147949219e+01
4.552276611328125e+01
4.356133651733398e+01
4.162094116210938e+01
4.334421539306641e+01
4.659029769897461e+01
3.994297409057617e+01
4.411564254760742e+01
3.609921646118164e+01
4.513059997558594e+01
3.818515396118164e+01
4.505696868896484e+01
4.373811721801758e+01
3.844745254516602e+01
4.535354232788086e+01
3.948759078979492e+01
4.273286437988281e+01
4.111449432373047e+01
4.636656188964844e+01
3.178818321228027e+01
4.402319335937500e+01
4.124317550659180e+01
4.396920776367188e+01
3.650888061523438e+01
4.487916564941406e+01
4.431283569335938e+01
4.177353668212891e+01
4.427255249023438e+01
4.040152359008789e+01
4.312370300292969e+01
4.351888275146484e+01
4.056663513183594e+01
4.277196502685547e+01
4.190445709228516e+01
3.716061401367188e+01
4.547906875610352e+01
4.220196914672852e+01
4.241787719726562e+01
4.154024887084961e+01
4.001102066040039e+01
4.564464569091797e+01
4.086729812622070e+01
4.206547927856445e+01
4.076151275634766e+01
3.985023117065430e+01
4.466856765747070e+01
4.219431304931641e+01
3.900493240356445e+01
4.297008132934570e+01
4.133710479736328e+01
4.475874328613281e+01
3.899518203735352e+01
3.986188507080078e+01
4.321875762939453e+01
3.846279907226562e+01
4.265264892578125e+01
4.330477142333984e+01
4.286991119384766e+01
4.189692306518555e+01
4.304281234741211e+01
4.277244186401367e+01
4.267449188232422e+01
3.725193786621094e+01
4.211022186279297e+01
4.306220626831055e+01
3.961579513549805e+01
3.776295852661133e+01
4.232138061523438e+01
4.175470352172852e+01
3.997194290161133e+01
4.481506729125977e+01
4.266787338256836e+01
4.298068618774414e+01
4.312277221679688e+01
3.964879608154297e+01
4.224662399291992e+01
3.950204849243164e+01
3.985066986083984e+01
4.330849456787109e+01
3.867037582397461e+01
4.420056152343750e+01
4.040097045898438e+01
3.950341415405273e+01
4.378647232055664e+01
2.954749107360840e+01
4.386598968505859e+01
4.250294876098633e+01
4.062133407592773e+01
4.026133346557617e+01
4.213027572631836e+01
3.976607894897461e+01
4.169715499877930e+01
4.029391860961914e+01
4.441507720947266e+01
3.914263153076172e+01
3.827712631225586e+01
4.256595230102539e+01
4.179499053955078e+01
3.811136245727539e+01
4.242158126831055e+01
3.813849258422852e+01
4.380728530883789e+01
4.287160873413086e+01
3.131479835510254e+01
4.281298065185547e+01
4.003505325317383e+01
4.194770050048828e+01
4.268885040283203e+01
3.544594955444336e+01
4.065075683593750e+01
3.863600540161133e+01
4.552888870239258e+01
3.743627929687500e+01
4.170631027221680e+01
3.826456069946289e+01
4.309028625488281e+01
3.721459960937500e+01
4.081729507446289e+01
4.125165939331055e+01
3.934072875976562e+01
4.219283676147461e+01
4.555681228637695e+01
5.660427856445312e+01
5.528327178955078e+01
4.541679382324219e+01
4.392412567138672e+01
3.751831436157227e+01
4.377215194702148e+01
3.919462966918945e+01
4.490907287597656e+01
3.700127410888672e+01
9.310793304443359e+01
1.004962005615234e+02
9.310016632080078e+01
4.155775451660156e+01
4.024479675292969e+01
4.078303909301758e+01
4.123412322998047e+01
3.555022048950195e+01
4.371187973022461e+01
3.997249984741211e+01
4.229959106445312e+01
4.179002761840820e+01
3.592118453979492e+01
4.160087585449219e+01
4.294084930419922e+01
4.102610397338867e+01
4.028296661376953e+01
4.060433959960938e+01
4.317734527587891e+01
3.528753280639648e+01
3.763058471679688e+01
4.306980133056641e+01
3.437598800659180e+01
4.262191772460938e+01
4.363410568237305e+01
3.629923248291016e+01
3.566172027587891e+01
4.512613677978516e+01
3.699897766113281e+01
3.454796600341797e+01
4.617127227783203e+01
3.184266471862793e+01
4.100419616699219e+01
4.102748870849609e+01
3.874787521362305e+01
3.845433425903320e+01
4.242474365234375e+01
3.687251663208008e+01
4.183709716796875e+01
4.182473373413086e+01
3.173247337341309e+01
4.297142410278320e+01
3.839562988281250e+01
4.264447402954102e+01
3.228261184692383e+01
4.455636978149414e+01
3.459876632690430e+01
3.995400619506836e+01
3.764957427978516e+01
4.160657501220703e+01
4.396730804443359e+01
3.606346511840820e+01
3.922220611572266e+01
4.233557510375977e+01
3.775309753417969e+01
3.742011260986328e+01
4.063868713378906e+01
4.419807434082031e+01
3.530492782592773e+01
4.068113327026367e+01
3.943257522583008e+01
4.003792190551758e+01
3.984673690795898e+01
4.195956802368164e+01
4.132329559326172e+01
3.453195190429688e+01
4.089573287963867e+01
4.117244338989258e+01
4.244420623779297e+01
3.626033020019531e+01
4.362956619262695e+01
4.038010406494141e+01
2.840027236938477e+01
4.375924301147461e+01
3.698359298706055e+01
3.821700668334961e+01
3.862297439575195e+01
4.436722946166992e+01
2.504385185241699e+01
4.348968505859375e+01
3.746912002563477e+01
4.350894546508789e+01
4.132250976562500e+01
4.313145446777344e+01
3.961271286010742e+01
4.191271209716797e+01
3.725967788696289e+01
4.033636856079102e+01
3.973825073242188e+01
3.799938201904297e+01
4.179145050048828e+01
3.138060188293457e+01
4.099303054809570e+01
4.298796081542969e+01
3.777432632446289e+01
3.765125656127930e+01
4.386081695556641e+01
3.743442153930664e+01
4.214660263061523e+01
3.967736434936523e+01
3.771706390380859e+01
3.800244140625000e+01
4.415430068969727e+01
3.254069137573242e+01
4.093939971923828e+01
3.949423980712891e+01
3.581185150146484e+01
4.295487594604492e+01
2.924779891967773e+01
3.945785903930664e+01
4.314672088623047e+01
2.549383926391602e+01
4.600970840454102e+01
3.236255264282227e+01
4.370488739013672e+01
3.428815841674805e+01
4.139223480224609e+01
3.674541854858398e+01
4.280675125122070e+01
3.561585998535156e+01
3.968096160888672e+01
4.255282211303711e+01
3.689736938476562e+01
3.945323944091797e+01
4.316032028198242e+01
3.638509750366211e+01
3.731879425048828e+01
4.047515106201172e+01
3.773467636108398e+01
3.634482955932617e+01
4.143667221069336e+01
4.041284179687500e+01
3.851588058471680e+01
3.559001541137695e+01
4.200236511230469e+01
3.798756790161133e+01
3.735565567016602e+01
4.037977981567383e+01
3.946385574340820e+01
3.950279998779297e+01
3.779438781738281e+01
3.973157119750977e+01
3.973812103271484e+01
4.056188201904297e+01
3.851157379150391e+01
4.288485717773438e+01
2.079454612731934e+01
4.263944244384766e+01
3.205146789550781e+01
4.252373504638672e+01
4.083706665039062e+01
4.060397338867188e+01
3.683333969116211e+01
3.609645080566406e+01
4.052029037475586e+01
3.897850418090820e+01
4.227263641357422e+01
3.640636062622070e+01
3.841466140747070e+01
4.163731384277344e+01
3.868566894531250e+01
3.911658477783203e+01
3.949110794067383e+01
4.044068908691406e+01
3.839804458618164e+01
3.635487365722656e+01
4.070625305175781e+01
3.758769607543945e+01
4.058021163940430e+01
3.910793685913086e+01
4.147457122802734e+01
3.664031219482422e+01
4.031879425048828e+01
3.579928588867188e+01
4.204161834716797e+01
3.514013671875000e+01
4.058333969116211e+01
3.874692535400391e+01
3.623316574096680e+01
3.954246520996094e+01
4.213431549072266e+01
3.822808837890625e+01
4.050010299682617e+01
3.939750671386719e+01
4.149354171752930e+01
2.697740554809570e+01
4.026037597656250e+01
4.234320068359375e+01
3.603384017944336e+01
3.909010314941406e+01
3.833760452270508e+01
3.797087478637695e+01
3.828820800781250e+01
4.144802093505859e+01
3.774682235717773e+01
3.861497116088867e+01
4.125135803222656e+01
3.625254440307617e+01
3.767092514038086e+01
4.041946029663086e+01
4.055065917968750e+01
